60 [0, 5, 6, 97]
32 [1, 38, 61]
65 [2, 21, 31, 56, 76, 92]
23 [3, 26, 59]
64 [4, 35, 48]
31 [7, 9, 28, 82, 88]
16 [8, 63, 67]
62 [10, 44]
24 [11, 37]
54 [12]
33 [13]
50 [14, 19, 81]
37 [15, 41, 49]
48 [16]
56 [17, 27]
28 [18, 22, 64, 66, 84]
63 [20]
26 [23, 43, 79]
55 [24, 93]
27 [25, 42, 74, 94, 96]
22 [29, 60, 78]
20 [30, 80]
42 [32, 40]
35 [33, 36, 55]
41 [34]
47 [39, 69, 87]
51 [45, 98]
61 [46]
46 [47, 85]
40 [50, 62]
25 [51]
57 [52]
52 [53, 70, 99]
30 [54]
19 [57, 95]
17 [58, 89]
53 [65, 91]
34 [68]
45 [71, 90]
39 [72]
36 [73, 77]
21 [75, 86]
29 [83]
